sc,real,synthetic,month,percentage_error
sc1,23581.98,26763.33,6.5,41.88
sc2,56144.08,58109.34,6.5,14.33
sc3,85791.35,87229.05,6.5,13.59
sc4,85608.07,88413.95,6.5,2.31
sc5,170247.32,174075.2,6.5,13.16
